折腾了好几天，还是没搞定配置问题....
环境配置问题太大了，只能先上传无图版本的...
后面能搞定再上传有图版本的


####线性可分###
矩阵如下

def createDataSet():  
    global  group,labels
    group = np.array([[1,0,1], [0,1,0], [1,1,0],[0,0,0]])  #设矩阵
    labels = [1, 1, -1,-1] #贴标签  

结果
W   Xn
[1, 1, 1, 1] [1 0 1 1]
[1, 1, 1, 1] [0 1 0 1]
[1, 1, 1, 1] [1 1 0 1]
[0 0 1 0] [0 0 0 1]
[ 0  0  1 -1] [1 0 1 1]
[1 0 2 0] [0 1 0 1]
[1 1 2 1] [1 1 0 1]
[0 0 2 0] [0 0 0 1]
[ 0  0  2 -1] [1 0 1 1]
[ 0  0  2 -1] [0 1 0 1]
[0 1 2 0] [1 1 0 1]
[-1  0  2 -1] [0 0 0 1]
[-1  0  2 -1] [1 0 1 1]
[0 0 3 0] [0 1 0 1]
[0 1 3 1] [1 1 0 1]
[-1  0  3  0] [0 0 0 1]
[-1  0  3 -1] [1 0 1 1]
[-1  0  3 -1] [0 1 0 1]
[-1  1  3  0] [1 1 0 1]
[-2  0  3 -1] [0 0 0 1]
[-2  0  3 -1] [1 0 1 1]
[-1  0  4  0] [0 1 0 1]
[-1  1  4  1] [1 1 0 1]
[-2  0  4  0] [0 0 0 1]
[-2  0  4 -1] [1 0 1 1]
[-2  0  4 -1] [0 1 0 1]
[-2  1  4  0] [1 1 0 1]
[-2  1  4  0] [0 0 0 1]
[-2  1  4 -1] [1 0 1 1]
[-2  1  4 -1] [0 1 0 1]
[-2  2  4  0] [1 1 0 1]
[-3  1  4 -1] [0 0 0 1]
[-3  1  4 -1] [1 0 1 1]
[-2  1  5  0] [0 1 0 1]
[-2  1  5  0] [1 1 0 1]
[-2  1  5  0] [0 0 0 1]
[-2  1  5 -1] [1 0 1 1]
[-2  1  5 -1] [0 1 0 1]
[-2  2  5  0] [1 1 0 1]
[-3  1  5 -1] [0 0 0 1]
[-3  1  5 -1] [1 0 1 1]
[-3  1  5 -1] [0 1 0 1]
[-3  2  5  0] [1 1 0 1]
[-3  2  5  0] [0 0 0 1]
[-3  2  5 -1] [1 0 1 1]
[-3  2  5 -1] [0 1 0 1]
[-3  2  5 -1] [1 1 0 1]
[-3  2  5 -1] [0 0 0 1]
Acomplish！



####线性不可分###
矩阵如下，本质就是xoy平面上不可分的四个点
def createDataSet():  
    global  group,labels
    group = np.array([[1,0,0], [0,1,0], [1,1,0],[0,0,0]])  #设矩阵
    labels = [1, 1, -1,-1] #贴标签 
    
    
结果如下：
[ 0  0  1 -1] [1 0 0 1]
[1 0 1 0] [0 1 0 1]
[1 1 1 1] [1 1 0 1]
[0 0 1 0] [0 0 0 1]
[ 0  0  1 -1] [1 0 0 1]
[1 0 1 0] [0 1 0 1]
[1 1 1 1] [1 1 0 1]
[0 0 1 0] [0 0 0 1]
[ 0  0  1 -1] [1 0 0 1]
[1 0 1 0] [0 1 0 1]
[1 1 1 1] [1 1 0 1]
[0 0 1 0] [0 0 0 1]
[ 0  0  1 -1] [1 0 0 1]
[1 0 1 0] [0 1 0 1]
[1 1 1 1] [1 1 0 1]
[0 0 1 0] [0 0 0 1]
[ 0  0  1 -1] [1 0 0 1]
[1 0 1 0] [0 1 0 1]
[1 1 1 1] [1 1 0 1]
[0 0 1 0] [0 0 0 1]
Failed!

迭代次数超过100。，可以看出W是发散的
    
